/home/daiver/BSR/BSDS500/data/images/train/
/home/daiver/BSR/BSDS500/data/groundImages/train/
254054
151087
105019
71046
246053
20008
277095
113016
368016
301007
42044
122048
100080
15088
249061
147021
61060
271031
188005
33066
198023
100075
24004
254033
209070
317080
368078
173036
374020
163014
232038
65019
238011
35008
48055
187039
106025
326038
66075
183055
134052
130034
147062
59078
23080
370036
155060
227040
65010
135069
161062
385028
43070
105053
138032
23084
196015
78019
274007
169012
60079
12003
314016
388016
41004
187083
8049
253036
198054
16052
181079
176035
198004
117054
293029
103041
153093
245051
80099
311068
311081
239007
66039
157036
22093
45077
67079
159029
178054
22013
126039
90076
164074
23025
22090
24063
216053
260081
35070
35010
189003
12074
239096
145053
42078
187029
172032
247085
28075
65132
181091
118020
97017
61086
95006
28096
207056
353013
156079
118035
163062
361084
87065
100098
323016
104022
76002
216066
176019
299091
189011
108073
187003
55067
138078
54005
365073
108041
225017
140075
271008
25098
292066
41025
68077
170054
372047
188091
56028
109034
124084
92059
2092
376020
144067
242078
65074
188063
27059
135037
145014
35091
310007
249087
374067
202012
55075
365025
15004
8143
140055
112082
46076
153077
166081
285036
159091
134008
181018
216041
302003
113009
309004
35058
376001
227046
94079
236017
246016
43083
106020
268002
159045
286092
176039
231015
187071
113044
26031
183087
